1.000000
0.000000
1.788854
0.000000
0.000000
0.000000
-3.577709
0.000000
0.000000
-2.400000
0.000000
0.000000
4.000000
0.000000
0.000000
2.400000
0.000000
0.000000
-1.264911
0.000000
0.000000
-3.200000
0.000000
0.000000
2.529822
0.000000
0.000000
0.000000
0.000000
0.000000
-8.000000
0.000000
0.000000
0.000000
0.000000
0.000000
2.529822
0.000000
0.000000
0.000000
0.000000
0.000000
-5.059644
0.000000
0.000000
0.000000
-5.724334
0.000000
0.000000
0.000000
0.000000
0.000000
0.000000
0.000000
2.862167
0.000000
0.000000
0.000000
3.771236
0.000000
0.000000
0.000000
1.908111
0.000000
0.000000
0.000000
-1.192570
0.000000
0.000000
0.000000
2.385139
0.000000
0.000000
0.000000
3.339195
0.000000
0.000000
0.000000
3.771236
0.000000
0.000000
0.000000
0.000000
